73
167
2
10
3
1
1
1
1
3
1
14
53
2
3
2
1
3
1
1
3
1
6
11
3
3
2
2
1
1
3
24
38
1
1
2
3
2
4
10
3
3
2
3
3
1
1
4
3
1
1
1
1
1
1
1
2
1
1
1
1
1
1
3
10
2
1
1
1
2
1
1
1
1
1
1
8
12
1
1
1
2
4
1
1
2
1
2
1
1
1
1
114243
60034
4373
2636
3
36
19
751
325
48
19
25
12
3002
1218
34
24
223
96
4353
1331
58
20
307
134
569
151
48
12
3838
2435
366
159
128
47
54
26
33743
20531
646
149
313
267
19
9
212
79
786
243
4
2
16
6
1201
485
268
111
150
68
6272
3015
600
271
35
20
6235
2481
5314
2359
101
43
7637
3005
10134
5471
2209
3746
2507
1014
722
312
1425
812
1395
617
3976
2100
618
292
465
210
3
1
79
29
1546
709
1089
543
1647
629
237
99
151
38
11
7
1730
586
68
34
1780
690
501
224
182
63
1
1
2
1
1
6
8
1
3
1
1
2
1
1
1
1
2
63
63
4
1
1
3
1
1
2
1
17
19
1
1
1
6
9
1
4
1
1
6
1
4
4
3
4
1
1
4
2
5
8
2
3
1
2
163
160
12
18
1
1
1
5
3
2
4
3
3
2
1
1
5
2
3
4
10
18
1
6
2
1
1
2
7
2
5
4
2
4
1
1
2
16
12
2
3
4
2
6
8
7
8
2
4
9
5
20
11
2
7
5
1
2
1
6
6
5
5
1
5
6
2
1
1
2
1
2
2
1
61
81
5
4
1
1
2
1
1
2
1
1
21
29
1
1
1
6
8
3
4
2
1
1
1
8
6
3
2
1
2
1
9
3
2
1
2
1
1
2
25
83
1
4
1
2
3
1
3
1
11
33
1
1
6
4
3
6
2
5
4
1
1
1
4
1
1
1
1
2
1
2
20
51
2
1
1
2
2
8
1
3
2
20
4
2
1
2
4
2
1
1
2
1
1
1
2
1
1
1
1
1
18
12
3
1
1
1
1
3
2
1
1
1
1
1
4
2
1
3
3
1
35
57
3
6
1
1
2
3
1
1
2
1
1
12
10
1
1
1
2
1
1
1
1
4
3
4
4
3
2
2
1
1
2
6
1
1
1
1
2