0.377
0.872
0.247
1.289
0.534
0.187
0.207
0.207
10.561
0.664
1.179
0.275
1.066
2.692
2.277
1.58
2.269
6.746
0.749
0.484
1.371
1.432
0.379
0.71
0.26
0.263
0.279
6.867
3.464
0.095
0.288
1.505
2.35
0.235
0.282
0.526
0.815
0.921
0.427
1.066
1.407
1.229
0.761
0.707
0.715
0.99
2.708
0.021
0.016
0.187
1.473
11.323
0.242
0.75
0.107
0.736
0.01
0.005
0.02
2.249
0.75
0.005
0.065
0.016
0.052
0.258
0.207
0.221
0.065
0.175
0.134
0.095
0.096
0.397
0.381
3.121
0.041
0.063
0.381
0.207
1.075
0.039
0.08
0.457
2.015
0.129
0.063
0.56
0.272
0.461
0.236
0.238
590.498
313.418
540.804
339.737
561.711
220.076
96.246
666.746
292.087
212.838
84.345
238.336
107.947
534.231
227.788
272.741
152.352
242.269
104.449
899.948
275.116
408.241
137.858
460.115
197.388
646.065
162.311
524.962
126.736
913.253
538.638
563.15
187.508
397.157
144.549
446.705
120.793
661.642
413.037
807.618
200.566
237.601
210.916
215.132
99.643
480.981
177.654
597.367
182.034
85.07
42.418
231.483
78.452
581.664
221.574
383.653
157.462
302.219
139.912
396.145
194.589
317.276
150.042
354.761
203.641
540.874
217.149
714.204
329.269
346.793
148.949
726.85
288.687
635.329
338.297
534.993
881.56
702.283
285.78
541.626
222.824
374.656
220.599
642.415
281.264
424.654
223.825
454.557
214.863
513.129
238.904
195.241
64.249
348.071
128.202
720.895
332.415
432.802
222.479
615.562
239.376
488.371
206.77
469.151
118.601
168.445
101.912
755.154
254.69
268.001
119.24
419.349
164.367
471.907
221.679
498.591
170.629
0.005
0.129
0.01
0.087
0.75
0.031
0.042
0.02
0.06
0.484
0.063
0.129
0.087
3.464
0.062
0.282
0.921
0.326
0.329
0.495
6.113
0.888
0.561
0.207
0.207
0.476
0.221
0.333
0.382
0.759
0.457
1.432
0.379
0.581
0.087
0.35
0.134
0.14
0.571
0.096
0.251
0.247
0.727
0.941
0.75
0.714
1.052
0.543
0.534
0.853
0.795
1.229
0.238
1.884
0.843
0.835
1.484
2.32
6.113
0.888
0.899
0.89
0.561
2.173
0.827
0.62
4.496
2.946
1.135
10.561
1.19
0.442
4.616
4.717
0.196
0.362
1.25
4.555
1.58
2.249
21.268
42.418
3.39
0.914
0.316
0.258
1.058
2.215
10.182
0.087
0.175
2.15
1.675
0.19
0.288
0.251
0.124
1.453
1.883
1.961
2.255
1.5
2.857
2.366
1.358
2.136
1.172
1.471
5.151
5.688
64.249
0.933
0.469
2.385
2.458
1.869
1.903
2.061
2.183
2.608
7.882
3.507
0.236
0.476
0.942
1.979
5.479
2.708
0.315
0.423
0.618
0.516
0.888
0.899
0.356
0.187
1.473
0.476
0.221
3.103
0.412
0.583
0.79
13.075
2.058
0.379
0.516
0.26
0.35
0.269
0.14
0.095
0.096
0.502
0.371
0.727
0.564
0.272
0.921
0.107
0.959
2.207
2.275
0.41
0.747
0.381
0.437
0.476
0.129
0.433
0.124
0.516
0.888
0.374
0.62
1.135
0.714
3.076
0.216
0.664
1.25
0.063
0.387
0.35
0.286
0.576
0.125
0.309
1.127
0.714
0.272
0.456
0.426
0.736
1.138
4.421
0.41
0.761
0.437
0.869
0.103
0.266
0.258
5.066
0.888
1.797
0.413
1.654
1.473
3.225
0.442
23.586
0.078
0.04
1.346
0.914
0.253
0.129
0.087
0.134
0.19
0.096
0.282
0.714
0.921
0.456
0.107
0.381
0.236
0.942
0.093
0.063
0.371
0.129
1.086
0.207
0.02
2.277
1.58
0.484
1.419
0.554
0.14
0.263
0.427
0.213
0.736
1.192
1.229
1.473
0.181
0.298
0.371
0.773
0.888
0.899
0.356
0.561
0.207
0.095
0.192
1.075
0.221
0.235
0.201
0.79
2.249
0.457
0.129
0.529
0.554
0.087
0.134
0.558
0.188
0.247
0.969
0.706
0.564
1.428
0.263
0.456
0.214
0.639
0.381
2.061
2.089
0.236
1.979